PID
1
2
3
5
6
7
8
9
10
11
12
13
14
15
16
17
18
19
20
21
22
23
24
25
26
27
28
29
30
31
32
33
34
35
36
37
38
39
40
41
53
56
57
60
61
82
83
84
143
144
269
275
323
342
404
461
538
563
564
573
574
614
677
678
695
712
714
767
770
774
843
847
854
855
858
900
918
926
935
946
949
962
977
984
987
1046
1053
1074
1105
1122
1164
1191
1196
1537
1539
1628
1639
1644
1661
1663
1665
1666
1692
1697
1698
1699
1704
1706
1711
1717
1718
1726
1728
1738
1762
1767
1777
1780
1788
1792
1794
1799
1802
1804
1812
1820
1829
1840
1861
1868
1894
1908
1911
1917
1920
1921
1934
1941
1949
1959
1965
1970
1990
2000
2023
2028
2083
2088
2091
2098
2116
2124
2131
2132
2177
2200
2227
2366
2371
2467
2497
2692
2695
2844
2949
2950
2951
3055
3076
3077
